556101059
541666869
611887650
1844031714
157023694
1987306542
847889603
1926559776
2079209413
1418700307
585127108
903684543
1221762617
2073154952
593105689
1855709296
1001132491
499401992
1083187068
906176257
150326875
1103019253
1365744267
1758676333
108211423
1938220999
500888850
303005710
933240933
1907286890
282361461
1857698804
79055095
1534087819
725308051
1135232785
1612697547
1216563642
593328007
1297240628
1469250452
1925373558
1469796310
362190729
1370926705
813082272
1035299643
1368591907
226837932
681649699
1808717995
1492318680
938541447
798712514
40945401
974587567
1035462900
1964968659
1224728247
376890834
1474972035
1451254924
122245042
1578054362
936621684
745510478
1375007148
673611069
1994933346
182565611
1773576161
1421517567
690175694
1223711611
470158758
1365908393
222174721
1763957361
819619492
1384690186
207673563
708646966
285251300
1035098996
143801425
951447100
808174138
148670091
1174737976
2003995761
23235579
1825836146
1434273839
336474498
802445335
501442185
1012972467
1925383100
1630168704
649039702